17
16
1
4
2
1
2
3
2
3
2
2
3
2
3
2
3
2
3
2
3
3
2
3
2
3
2
3
2
3
2
3
2
2
3
3
2
3
2
3
2
2
3
2
3
3
2
3
2
17
16
1
4
2
3
2
2
3
2
3
2
3
2
3
3
2
3
2
3
2
3
2
2
3
3
2
2
3
2
3
2
3
3
3
2
2
3
3
2
3
2
3
2
3
2
2
3
2
3
3
2
3
2
3
2
3
2
3
1
4
4
4
4
4
4
4
4
4
4
4
4
4
4
2
17
16
1
4
1
4
2
3
2
3
2
3
2
3
2
3
2
3
2
3
3
2
3
2
3
2
2
3
3
2
3
2
3
2
3
2
2
3
3
2
3
2
2
3
2
3
2
3
4
4
4
4
1
4
4
4
2
